0.227583
0.259674
0.207528
0.181419
0.248943
0.189461
0.284390
0.284197
0.270072
0.252851
0.219391
0.229043
0.251231
0.274911
0.211833
0.201317
0.252245
0.236920
0.247461
0.196970
0.175340
0.310940
0.232842
0.215771
0.203263
0.172514
0.265225
0.225038
0.259989
0.238594
0.201432
0.210078
0.207936
0.178089
0.212674
0.200781
0.278479
0.262032
0.212598
0.241061
0.244182
0.231502
0.313007
0.293167
0.247437
0.244168
0.232506
0.244986
0.156040
0.292938
0.250299
0.282252
0.226401
0.180312
0.261858
0.290509
0.209780
0.231045
0.269466
0.235746
0.268362
0.230635
0.154299
0.233501
0.200600
0.277277
0.206556
0.266028
0.225097
0.173974
0.215787
0.198394
0.240689
0.272329
0.228005
0.226267
0.222405
0.322115
0.250998
0.245590
0.233459
0.279024
0.163075
0.196271
0.278212
0.222361
0.221704
0.199252
0.193945
0.210034
0.209564
0.233916
0.207786
0.260953
0.243658
0.225394
0.203249
0.277589
0.306305
0.264212
0.177367
0.242964
0.188857
0.225264
0.238714
0.240159
0.280198
0.213236
0.207620
0.221115
0.262784
0.276154
0.281899
0.241529
0.203568
0.253757
0.193321
0.226780
0.238767
0.302491
0.220662
0.279832
0.177882
0.294494
0.319784
0.182506
0.277017
0.223871
0.224105
0.276469
0.244180
0.263572
0.201470
0.201246
0.174113
0.230197
0.219389
0.173138
0.259926
0.176051
0.235635
0.269473
0.186459
0.225823
0.183382
0.205643
0.241586
0.262250
0.278623
0.215131
0.249938
0.218167
0.252017
0.241779
0.207505
0.249682
0.224901
0.250726
0.263805
0.212864
0.215952
0.216942
0.303004
0.227591
0.266490
0.230394
0.232989
0.171277
0.250274
0.255848
0.219667
0.280690
0.228110
0.272869
0.250573
0.258069
0.287536
0.328654
0.245992
0.265303
0.198829
0.253054
0.236403
0.239558
0.239803
0.341303
0.188524
0.209967
0.271130
0.212433
0.197613
0.256668
0.198431
0.242416
0.249313
0.210947
0.254310
0.195806
0.234420
0.263676
0.254557
0.274724
0.232714
0.223084
0.340432
0.229475
0.196202
0.225556
0.201507
0.254641
0.274364
0.235335
0.243240
0.246720
0.256796
0.249721
0.260090
0.255455
0.176120
0.212721
0.238280
0.225431
0.198642
0.257969
0.279576
0.296983
0.198621
0.275000
0.220538
0.292274
0.217862
0.281029
0.248958
0.300234
0.231428
0.269150
0.227027
0.267747
0.183707
0.218529
0.236020
0.234894
0.212977
0.220787
0.170373
0.220316
0.246497
0.233328
0.236272
0.149812
0.209031
0.252004
0.229201
0.281889
0.206908
0.240579
