1.659008
1.724564
2.118431
1.712346
1.662665
1.623353
1.801948
1.637115
1.520594
1.393110
1.743457
1.700890
1.580499
1.656428
1.611913
1.641674
1.765282
1.749141
1.418914
1.791800
1.624612
1.566928
1.863266
1.403019
1.433988
1.681138
1.854784
1.893802
1.652966
2.028781
1.504491
1.599403
1.719105
1.715849
1.685589
1.678840
1.404949
1.998624
1.540426
1.919665
1.265302
1.373866
1.593401
1.741106
2.139852
1.628588
1.598710
1.375216
1.862759
1.634209
1.692665
1.871161
1.568549
1.533929
1.399334
1.700111
1.861124
1.378797
1.685886
1.504001
1.418760
1.600446
1.749933
1.937747
1.232517
1.765112
1.425611
1.429803
1.653128
1.770685
1.810527
1.628865
1.545487
1.663886
1.724334
1.934456
1.785630
1.918736
1.669222
2.179107
1.416214
1.742781
1.484930
1.372083
1.532394
1.721047
1.657527
1.592523
1.579854
1.688041
1.772190
1.587593
1.418336
1.986222
1.534522
1.503366
1.612761
1.794943
1.661925
1.593332
1.772353
1.412622
1.824396
1.755108
1.657888
1.628021
1.688707
1.830936
1.697411
1.502772
1.599285
1.627657
1.821445
1.428227
1.546422
1.234176
1.388637
1.163310
1.282717
1.571876
1.891237
1.673994
1.940928
1.825009
1.789462
2.186878
1.482753
1.410122
1.430016
1.643057
1.712999
1.720787
1.727472
1.486808
1.486521
1.495835
1.742265
1.378177
1.460557
1.541125
1.616281
1.575481
1.304257
1.355636
1.885323
1.364732
1.553179
1.850474
1.592975
1.701514
1.656193
1.770856
1.862331
1.859174
1.479274
1.513762
1.456775
1.609187
1.604402
1.572019
1.742878
1.330027
1.419275
1.650476
1.596488
1.528901
1.653905
1.680273
1.505460
1.712802
1.749088
1.396170
1.180847
1.330408
1.590928
1.577953
1.272421
1.803568
1.465160
1.110992
2.082831
1.736113
1.291340
1.723469
1.590452
1.611278
1.877470
1.637685
1.517097
1.260627
1.519019
1.711352
1.383246
1.620529
1.907483
1.866647
1.856959
1.801343
1.585409
1.670192
1.685196
1.882610
1.716829
1.549636
1.447688
1.671125
1.474491
1.611048
1.683574
1.546715
1.491975
1.685164
1.815593
1.430278
1.722388
1.601371
1.610365
1.848553
1.646098
1.768358
1.990077
1.461575
1.627133
1.899603
1.785869
1.718802
1.323774
1.624866
1.863319
1.739703
1.647769
1.501459
1.441144
1.727776
1.216254
1.440289
1.496637
1.732876
1.557001
1.550369
1.963340
1.710184
1.324023
1.878532
1.903689
1.731774
1.680893
1.628183
1.883673
1.793355
1.898539
1.687732
1.579071
1.523101
1.523260
1.525331
